[0]:[0]
[1]:[1]
[2]:[2]
[3]:[3]
[4]:[4]
[5]:[5]
[6]:[6]
[7]:[7]
[8]:[8, 9]
[9]:[10]
[10]:[11]
[11, 12]:[12]
[13]:[13]
[14]:[14]
[15]:[15]
[16]:[16]
[17]:[17, 18]
[18]:[19]
[19]:[20, 21, 22]
[20]:[23, 24]
[21]:[25]
[22]:[26, 27, 28, 29]
[23]:[30, 31]
[24]:[32, 33]
[25]:[34]
[26]:[35]
[27]:[36]
[28]:[37]
[29, 30]:[38]
[31]:[39]
[32]:[40]
[33]:[41]
[34]:[42]
[35]:[43]
[36]:[44]
[37]:[45]
[38]:[46]
[39]:[47, 48]
[40]:[49, 50, 51]
[41]:[52]
[42]:[53, 54]
[43]:[55]
[44]:[56]
[45]:[57, 58]
[46]:[59, 60]
[47]:[61, 62]
[48]:[63]
[49]:[64, 65]
[50]:[66, 67]
[51]:[68]
[52]:[69]
[53]:[70]
[54]:[71, 72]
[55]:[73]
[56]:[74]
[57]:[75]
[58]:[76]
[59]:[77]
[60]:[78, 79]
[61]:[80]
[62]:[81, 82]
[63]:[83]
[64]:[84]
[65]:[85]
[66]:[86]
[67, 68]:[87]
[69]:[88]
[70]:[89, 90]
[71]:[91]
[72]:[92, 93]
[73]:[94, 95]
[74]:[96]
[75]:[97]
[76]:[98]
[77]:[99]
[78]:[100]
[79, 80]:[101]
[81]:[102]
[82]:[103, 104, 105]
[83, 84]:[106, 107]
[85]:[108, 109, 110]
[86]:[111]
[87]:[112]
[88]:[113, 114]
[89]:[115, 116]
[90]:[117, 118]
[91]:[119]
[92]:[120]
[93]:[121]
[94]:[122]
[95]:[123]
[96]:[124]
[97]:[125]
[98]:[126]
[99]:[127]
[100]:[128]
[101, 102]:[129, 130]
[103]:[131, 132]
[104]:[133]
